; Depth Map Surface Transform
; Line 1 of 7
-0.42500
-0.42500
-0.42500
-0.42500
-0.42500
-0.42500
-0.42500
; Line 2 of 7
0.43697
-0.67500
-0.66875
-0.50000
-0.46875
-0.33750
0.37734
; Line 3 of 7
-0.27840
-0.55000
-0.40625
-0.28750
-0.18750
-0.26875
-0.15558
; Line 4 of 7
0.05625
-0.18750
-0.09375
0.00000
0.05000
0.05625
0.24375
; Line 5 of 7
0.33303
0.03125
0.11250
0.27500
0.33750
0.38750
0.68173
; Line 6 of 7
1.10859
0.39375
0.36875
0.47500
0.55625
0.71875
1.59244
; Line 7 of 7
0.56250
0.56250
0.56250
0.56250
0.56250
0.56250
0.56250
