; Depth Map Surface Transform
; Line 1 of 7
0.27344
0.27344
0.27344
0.27344
0.27344
0.27344
0.27344
; Line 2 of 7
2.41694
-0.27031
-0.16406
-0.16250
-0.28750
-0.32656
2.33422
; Line 3 of 7
0.50107
-0.37031
-0.16250
-0.11250
-0.18438
-0.37813
0.30653
; Line 4 of 7
0.20312
-0.27187
-0.07500
0.00000
-0.13438
-0.25000
-0.10469
; Line 5 of 7
1.01183
-0.09531
-0.02344
-0.00781
-0.07344
-0.10156
0.84338
; Line 6 of 7
3.57892
0.25625
0.00781
-0.05000
-0.09531
0.15000
2.16213
; Line 7 of 7
-0.53438
-0.53438
-0.53438
-0.53438
-0.53438
-0.53438
-0.53438
