; Depth Map Surface Transform
; Line 1 of 7
0.13750
0.13750
0.13750
0.13750
0.13750
0.13750
0.13750
; Line 2 of 7
1.39035
-0.11875
-0.25000
-0.13750
-0.21875
-0.00625
0.73506
; Line 3 of 7
0.04142
-0.20000
-0.13750
-0.08125
-0.11875
-0.20625
-0.22134
; Line 4 of 7
0.14375
-0.04375
0.06875
0.00000
0.06875
-0.05000
-0.03750
; Line 5 of 7
0.40200
0.06250
0.14375
0.18750
0.19375
0.09375
0.13902
; Line 6 of 7
0.88359
0.16875
0.08125
0.11250
0.11250
0.07500
0.71041
; Line 7 of 7
-0.19375
-0.19375
-0.19375
-0.19375
-0.19375
-0.19375
-0.19375
